81
0 50 36 5 33 62 34 56 23 52 62 48 45 29 55 6 38 28 52 34 34 61 41 31 44 37 22 52 9 53 31 33 27 14 28 11 47 50 49 35 48 27 45 45 9 24 67 43 45 31 10 58 31 2 21 13 12 54 33 47 43 42 45 69 36 41 46 34 40 22 18 49 32 56 29 33 68 42 40 18 55
50 0 86 54 52 82 81 105 34 14 112 32 93 43 63 46 62 40 84 76 83 86 51 60 91 72 31 75 45 61 79 30 59 47 38 60 89 17 89 73 39 71 95 39 59 33 118 65 76 75 60 8 78 52 55 46 62 63 27 73 66 12 94 84 86 22 81 32 58 70 42 47 72 6 74 47 84 13 15 62 15
36 86 0 33 55 71 19 25 56 87 26 79 22 57 74 41 53 58 53 31 14 65 65 46 24 42 57 60 42 73 16 66 42 43 58 28 35 85 40 38 77 28 10 74 28 57 32 57 50 27 26 94 20 35 42 43 25 74 67 55 56 78 19 78 1 75 46 66 60 21 49 75 35 92 26 58 78 77 75 30 90
5 54 33 0 37 58 34 52 28 56 58 48 45 28 52 7 34 28 47 36 30 64 39 35 44 40 24 55 14 51 30 34 31 12 33 6 42 52 51 30 53 29 42 50 8 25 64 47 49 32 7 61 26 4 17 18 12 52 35 51 48 46 41 65 33 42 41 34 37 22 18 48 27 59 24 38 64 44 42 21 59
33 52 55 37 0 94 40 79 22 45 80 67 50 57 84 36 70 54 85 30 60 35 70 10 46 21 40 24 25 82 40 54 13 45 14 42 78 61 38 67 24 28 59 21 34 45 84 14 24 31 37 60 59 34 53 20 33 84 52 21 15 40 71 100 55 57 78 56 71 34 46 75 64 55 60 5 100 51 50 25 47
62 82 71 58 94 0 84 67 78 93 81 52 92 41 20 58 25 45 20 91 57 122 31 93 93 98 60 114 70 22 80 53 89 50 86 56 40 68 105 33 104 85 79 102 65 55 86 105 107 87 61 84 51 61 41 74 67 21 56 109 106 83 58 8 70 60 25 50 26 75 50 37 36 87 45 94 7 69 68 78 96
34 81 19 34 40 84 0 44 49 79 41 82 12 62 83 40 64 62 68 12 31 46 72 30 10 24 55 42 37 82 4 67 28 46 48 32 53 84 22 51 64 13 20 61 26 58 44 39 31 9 27 89 35 34 49 35 22 83 68 37 39 71 39 92 20 75 61 68 69 13 52 81 48 86 40 45 91 75 73 19 82
56 105 25 52 79 67 44 0 79 108 14 91 42 69 77 59 58 71 47 56 22 89 72 71 45 67 74 85 64 77 41 80 67 58 82 46 27 100 63 41 101 54 25 98 49 74 19 82 75 52 47 112 28 55 53 66 48 77 83 80 82 98 12 75 25 90 42 80 65 46 65 83 39 111 33 83 74 94 93 55 111
23 34 56 28 22 78 49 79 0 31 83 46 60 38 65 23 53 35 72 43 57 56 51 28 58 39 20 45 15 63 47 32 26 29 8 34 69 40 55 55 27 37 64 24 29 25 88 35 44 42 32 42 54 24 39 14 31 65 30 42 36 22 68 83 56 35 66 35 53 38 28 54 53 38 52 19 82 30 29 29 34
52 14 87 56 45 93 79 108 31 0 114 45 91 52 75 50 71 49 93 72 86 77 62 55 88 66 37 66 45 73 78 40 55 53 33 62 95 30 83 79 28 68 95 29 60 40 119 57 69 72 62 19 82 54 61 45 62 74 36 65 58 11 97 95 87 34 88 42 68 69 48 60 78 13 79 40 95 24 25 60 3
62 112 26 58 80 81 41 14 83 114 0 101 35 79 89 66 70 81 61 53 30 83 84 70 39 64 82 82 68 89 40 89 67 67 84 53 41 109 57 53 103 53 21 100 54 82 6 80 71 50 52 119 37 60 63 70 52 90 91 77 79 104 23 88 26 99 56 89 77 46 73 95 51 118 43 84 88 102 100 56 116
48 32 79 48 67 52 82 91 46 45 101 0 93 23 32 41 37 21 58 81 71 102 23 72 92 81 28 91 48 30 78 15 69 36 54 52 69 16 96 52 65 75 89 64 56 24 107 81 88 78 55 33 64 48 38 52 59 31 16 87 82 38 79 53 79 12 57 13 30 69 30 15 53 37 59 64 52 21 21 65 48
45 93 22 45 50 92 12 42 60 91 35 93 0 72 92 51 72 72 74 20 36 48 82 40 4 31 67 47 48 92 15 78 38 57 59 42 57 95 22 58 74 23 17 71 37 69 38 47 36 19 38 101 41 45 58 47 34 92 79 42 46 82 40 99 23 86 67 79 78 24 62 92 55 98 46 55 99 86 84 31 93
29 43 57 28 57 41 62 69 38 52 79 23 72 0 27 23 19 4 41 64 49 89 13 58 72 66 19 79 33 26 58 13 55 16 46 31 48 33 79 31 63 57 67 61 36 14 85 69 74 60 34 48 42 29 16 38 40 27 17 75 70 42 57 45 57 23 38 12 16 50 12 20 31 49 36 55 45 30 29 48 55
55 63 74 52 84 20 83 77 65 75 89 32 92 27 0 49 20 30 33 88 61 116 14 85 93 92 46 106 60 2 79 36 81 41 73 52 50 48 102 37 90 81 83 88 60 41 95 96 100 83 57 65 54 54 35 65 63 1 39 101 97 66 66 21 73 41 35 33 15 72 39 16 39 68 48 83 20 51 50 73 78
6 46 41 7 36 58 40 59 23 50 66 41 51 23 49 0 33 22 50 40 37 66 36 36 50 43 16 57 12 48 37 27 32 8 29 13 47 45 55 33 49 34 50 46 14 18 71 47 51 37 14 53 32 7 17 16 18 49 28 52 48 39 47 64 40 35 44 28 35 28 12 43 31 52 30 36 63 37 35 25 53
38 62 53 34 70 25 64 58 53 71 70 37 72 19 20 33 0 23 22 69 41 99 15 69 73 74 36 89 45 20 59 32 65 25 61 33 33 51 83 17 80 62 63 77 41 32 76 81 83 64 38 66 34 37 17 50 44 21 36 85 81 61 46 31 52 41 20 31 8 53 26 26 19 68 28 69 30 50 48 54 74
28 40 58 28 54 45 62 71 35 49 81 21 72 4 30 22 23 0 44 63 50 87 16 56 72 65 15 77 31 28 58 10 53 16 43 31 51 30 78 34 59 56 68 57 36 10 87 67 72 59 34 44 44 29 18 36 39 30 13 73 68 38 59 49 58 20 41 9 19 49 10 21 34 45 38 53 48 27 25 47 52
52 84 53 47 85 20 68 47 72 93 61 58 74 41 33 50 22 44 0 77 39 109 35 81 76 84 57 102 61 34 64 54 77 43 79 44 20 73 90 18 98 71 61 96 52 53 67 94 93 72 49 88 33 51 33 65 54 33 57 96 94 82 39 27 52 63 7 52 28 60 45 45 21 90 29 86 27 71 70 65 96
34 76 31 36 30 91 12 56 43 72 53 81 20 64 88 40 69 63 77 0 42 34 75 19 17 11 54 29 33 86 15 66 18 48 40 36 63 81 15 59 54 7 33 51 28 57 56 27 19 5 31 84 45 34 52 31 25 87 66 24 26 65 50 98 32 73 69 68 73 16 52 83 56 81 48 35 98 71 69 16 75
34 83 14 30 60 57 31 22 57 86 30 71 36 49 61 37 41 50 39 42 0 76 54 53 38 52 53 70 43 61 28 59 49 37 61 24 22 79 53 25 81 38 22 78 28 52 36 65 61 37 25 90 7 33 33 45 27 62 61 65 65 76 11 65 13 69 32 59 48 28 43 65 22 89 13 63 64 73 71 36 90
61 86 65 64 35 122 46 89 56 77 83 102 48 89 116 66 99 87 109 34 76 0 102 31 44 25 74 11 56 114 49 88 34 75 49 66 97 96 27 91 51 39 64 49 58 79 85 21 16 39 61 94 78 62 82 51 55 115 86 15 20 74 84 129 65 91 102 90 101 49 77 108 88 88 81 39 129 86 85 45 78
41 51 65 39 70 31 72 72 51 62 84 23 82 13 14 36 15 16 35 75 54 102 0 71 82 79 31 92 46 12 68 22 68 28 59 40 48 38 90 32 75 68 75 73 47 26 90 82 87 71 45 54 47 41 24 51 51 14 26 87 83 53 61 33 64 29 35 20 8 60 25 11 33 57 41 69 33 39 37 60 65
31 60 46 35 10 93 30 71 28 55 70 72 40 58 85 36 69 56 81 19 53 31 71 0 36 12 44 21 25 83 31 57 4 44 22 38 72 68 29 63 35 18 50 32 29 48 74 13 17 21 33 68 53 31 52 20 28 84 56 16 13 48 63 99 46 62 74 59 71 26 46 77 60 64 54 16 99 58 56 17 57
44 91 24 44 46 93 10 45 58 88 39 92 4 72 93 50 73 72 76 17 38 44 82 36 0 27 65 43 46 92 14 77 34 56 56 42 59 94 18 60 71 20 20 68 36 68 42 43 32 16 38 99 43 44 58 45 33 93 78 38 42 80 43 101 25 85 69 78 78 23 62 91 57 96 48 52 100 84 83 29 90
37 72 42 40 21 98 24 67 39 66 64 81 31 66 92 43 74 65 84 11 52 25 79 12 27 0 53 18 33 90 26 67 13 51 34 42 73 79 17 66 45 14 44 42 33 57 68 16 9 15 36 80 54 37 57 30 30 92 66 13 15 60 61 104 43 72 77 69 77 25 54 85 63 76 56 27 104 69 67 20 68
22 31 57 24 40 60 55 74 20 37 82 28 67 19 46 16 36 15 57 54 53 74 31 44 65 53 0 63 20 44 52 14 41 16 28 29 59 28 68 43 44 47 66 42 30 5 88 53 60 51 30 38 47 23 25 24 34 45 13 60 54 26 63 64 56 20 52 16 34 43 12 34 42 37 43 38 64 20 18 38 40
52 75 60 55 24 114 42 85 45 66 82 91 47 79 106 57 89 77 102 29 70 11 92 21 43 18 63 0 46 104 44 77 25 65 38 58 91 85 27 83 40 33 61 38 49 68 84 10 11 34 53 83 72 52 73 41 47 105 75 5 9 63 79 120 61 80 94 79 92 43 67 97 80 78 74 28 120 75 74 36 67
9 45 42 14 25 70 37 64 15 45 68 48 48 33 60 12 45 31 61 33 43 56 46 25 46 33 20 46 0 58 34 33 22 20 19 20 56 48 48 43 39 27 50 36 15 24 74 36 41 31 17 53 39 10 28 5 17 60 33 41 37 36 53 75 42 40 54 35 46 25 22 52 41 50 38 25 75 38 36 18 48
53 61 73 51 82 22 82 77 63 73 89 30 92 26 2 48 20 28 34 86 61 114 12 83 92 90 44 104 58 0 78 34 80 39 72 51 50 46 101 37 87 79 83 86 58 39 95 95 99 82 56 63 54 53 34 63 62 1 37 100 95 64 66 23 72 39 36 31 14 71 37 14 39 66 48 81 23 49 48 71 76
31 79 16 30 40 80 4 41 47 78 40 78 15 58 79 37 59 58 64 15 28 49 68 31 14 26 52 44 34 78 0 64 28 42 46 28 49 81 26 47 64 13 19 61 22 54 44 41 34 11 24 87 31 30 45 33 19 79 64 39 40 69 35 88 17 72 57 65 64 9 48 77 44 84 35 45 87 72 70 18 80
33 30 66 34 54 53 67 80 32 40 89 15 78 13 36 27 32 10 54 66 59 88 22 57 77 67 14 77 33 34 64 0 54 23 41 38 61 20 81 44 54 60 76 53 41 10 95 67 74 64 41 34 53 34 27 37 45 35 4 73 68 30 68 56 65 10 51 3 28 55 17 22 44 36 48 51 55 17 16 51 43
27 59 42 31 13 89 28 67 26 55 67 69 38 55 81 32 65 53 77 18 49 34 68 4 34 13 41 25 22 80 28 54 0 40 22 34 68 66 29 59 37 15 47 34 25 45 72 17 19 19 29 68 49 27 48 17 23 81 53 20 17 48 59 95 43 60 70 56 67 22 43 74 56 64 50 17 95 56 54 13 57
14 47 43 12 45 50 46 58 29 53 67 36 57 16 41 8 25 16 43 48 37 75 28 44 56 51 16 65 20 39 42 23 40 0 36 15 43 42 63 27 56 41 53 53 20 15 73 56 59 44 19 54 31 14 9 25 24 41 25 60 57 42 46 56 43 32 37 23 27 34 6 35 26 53 27 44 55 36 34 32 56
28 38 58 33 14 86 48 82 8 33 84 54 59 46 73 29 61 43 79 40 61 49 59 22 56 34 28 38 19 72 46 41 22 36 0 39 75 47 51 62 20 35 65 17 33 33 89 28 38 40 36 46 58 29 46 16 34 73 38 35 29 26 71 91 58 43 73 43 61 38 36 62 60 42 57 10 90 37 36 29 35
11 60 28 6 42 56 32 46 34 62 53 52 42 31 52 13 33 31 44 36 24 66 40 38 42 42 29 58 20 51 28 38 34 15 39 0 37 57 50 26 59 29 38 56 9 30 58 50 50 31 5 67 20 9 17 23 11 52 39 53 51 52 35 63 28 47 37 39 37 20 21 50 23 65 18 43 63 50 48 22 66
47 89 35 42 78 40 53 27 69 95 41 69 57 48 50 47 33 51 20 63 22 97 48 72 59 73 59 91 56 50 49 61 68 43 75 37 0 81 75 17 95 58 42 92 44 56 47 84 81 58 40 95 19 46 34 60 45 50 64 85 84 85 19 47 35 71 15 60 40 48 47 59 17 95 18 80 47 77 75 55 98
50 17 85 52 61 68 84 100 40 30 109 16 95 33 48 45 51 30 73 81 79 96 38 68 94 79 28 85 48 46 81 20 66 42 47 57 81 0 95 64 54 75 94 53 59 27 115 75 84 79 59 17 73 51 48 50 62 47 18 82 76 25 88 69 84 10 70 21 45 71 36 32 64 21 68 57 69 10 12 65 32
49 89 40 51 38 105 22 63 55 83 57 96 22 79 102 55 83 78 90 15 53 27 90 29 18 17 68 27 48 101 26 81 29 63 51 50 75 95 0 73 62 22 38 59 43 72 59 30 18 19 45 97 57 49 67 45 39 102 81 24 29 77 60 113 41 87 83 83 88 30 67 98 69 93 61 44 112 85 83 31 85
35 73 38 30 67 33 51 41 55 79 53 52 58 31 37 33 17 34 18 59 25 91 32 63 60 66 43 83 43 37 47 44 59 27 62 26 17 64 73 0 82 53 47 79 34 40 59 76 75 54 31 78 18 33 18 48 36 37 47 78 76 69 29 41 37 54 11 43 25 43 31 43 3 78 12 68 40 60 58 47 82
48 39 77 53 24 104 64 101 27 28 103 65 74 63 90 49 80 59 98 54 81 51 75 35 71 45 44 40 39 87 64 54 37 56 20 59 95 54 62 82 0 52 83 3 53 49 108 32 45 56 56 46 79 50 65 36 54 89 51 40 34 28 91 108 78 53 93 57 78 57 54 76 80 40 77 19 108 44 44 47 28
27 71 28 29 28 85 13 54 37 68 53 75 23 57 81 34 62 56 71 7 38 39 68 18 20 14 47 33 27 79 13 60 15 41 35 29 58 75 22 53 52 0 32 49 21 50 57 28 23 4 24 79 39 27 46 25 18 80 60 27 28 60 47 92 29 67 63 61 66 10 45 76 50 75 42 32 91 65 63 9 70
45 95 10 42 59 79 20 25 64 95 21 89 17 67 83 50 63 68 61 33 22 64 75 50 20 44 66 61 50 83 19 76 47 53 65 38 42 94 38 47 83 32 0 80 36 67 25 59 51 29 36 103 29 44 52 51 34 83 77 57 59 86 24 87 11 85 54 76 69 27 59 85 44 101 35 64 87 86 84 36 98
45 39 74 50 21 102 61 98 24 29 100 64 71 61 88 46 77 57 96 51 78 49 73 32 68 42 42 38 36 86 61 53 34 53 17 56 92 53 59 79 3 49 80 0 50 47 105 30 43 52 53 47 75 47 63 33 50 87 50 38 31 28 88 106 74 52 90 55 76 54 52 75 77 41 74 16 106 44 43 44 29
9 59 28 8 34 65 26 49 29 60 54 56 37 36 60 14 41 36 52 28 28 58 47 29 36 33 30 49 15 58 22 41 25 20 33 9 44 59 43 34 53 21 36 50 0 32 59 42 42 24 4 66 26 8 25 17 3 60 42 44 42 50 39 72 27 50 45 42 45 13 26 56 31 64 26 36 71 50 48 13 63
24 33 57 25 45 55 58 74 25 40 82 24 69 14 41 18 32 10 53 57 52 79 26 48 68 57 5 68 24 39 54 10 45 15 33 30 56 27 72 40 49 50 67 47 32 0 88 58 65 54 32 39 46 24 22 28 35 40 10 64 59 29 62 59 57 18 48 11 29 45 9 29 39 39 42 43 59 21 19 41 43
67 118 32 64 84 86 44 19 88 119 6 107 38 85 95 71 76 87 67 56 36 85 90 74 42 68 88 84 74 95 44 95 72 73 89 58 47 115 59 59 108 57 25 105 59 88 0 83 74 53 58 125 43 66 69 75 57 96 97 80 83 109 29 94 32 105 62 95 83 51 79 101 57 123 49 88 94 108 106 61 122
43 65 57 47 14 105 39 82 35 57 80 81 47 69 96 47 81 67 94 27 65 21 82 13 43 16 53 10 36 95 41 67 17 56 28 50 84 75 30 76 32 28 59 30 42 58 83 0 13 30 45 73 66 44 64 31 40 96 65 8 1 53 75 111 57 70 87 69 82 37 58 88 73 68 67 18 111 65 63 30 58
45 76 50 49 24 107 31 75 44 69 71 88 36 74 100 51 83 72 93 19 61 16 87 17 32 9 60 11 41 99 34 74 19 59 38 50 81 84 18 75 45 23 51 43 42 65 74 13 0 23 45 84 63 46 66 37 39 100 73 6 12 64 69 113 51 79 86 76 86 33 62 93 72 79 65 29 113 74 73 29 71
31 75 27 32 31 87 9 52 42 72 50 78 19 60 83 37 64 59 72 5 37 39 71 21 16 15 51 34 31 82 11 64 19 44 40 31 58 79 19 54 56 4 29 52 24 54 53 30 23 0 26 83 40 31 48 29 21 83 64 28 30 64 46 94 27 71 65 65 69 12 49 80 51 80 43 36 93 69 68 13 75
10 60 26 7 37 61 27 47 32 62 52 55 38 34 57 14 38 34 49 31 25 61 45 33 38 36 30 53 17 56 24 41 29 19 36 5 40 59 45 31 56 24 36 53 4 32 58 45 45 26 0 67 23 8 22 20 6 57 42 48 46 52 36 68 26 49 42 41 42 15 24 54 28 66 22 39 68 51 49 17 65
58 8 94 61 60 84 89 112 42 19 119 33 101 48 65 53 66 44 88 84 90 94 54 68 99 80 38 83 53 63 87 34 68 54 46 67 95 17 97 78 46 79 103 47 66 39 125 73 84 83 67 0 84 59 60 54 69 64 31 81 74 20 100 86 93 25 85 36 61 78 48 48 77 6 80 55 85 18 20 70 20
31 78 20 26 59 51 35 28 54 82 37 64 41 42 54 32 34 44 33 45 7 78 47 53 43 54 47 72 39 54 31 53 49 31 58 20 19 73 57 18 79 39 29 75 26 46 43 66 63 40 23 84 0 29 26 42 26 54 55 67 66 71 16 58 19 63 26 53 41 29 37 58 15 84 6 62 58 67 65 36 85
2 52 35 4 34 61 34 55 24 54 60 48 45 29 54 7 37 29 51 34 33 62 41 31 44 37 23 52 10 53 30 34 27 14 29 9 46 51 49 33 50 27 44 47 8 24 66 44 46 31 8 59 29 0 20 14 11 54 34 47 44 44 44 68 34 42 45 35 40 21 18 49 31 57 28 35 67 43 41 18 57
21 55 42 17 53 41 49 53 39 61 63 38 58 16 35 17 17 18 33 52 33 82 24 52 58 57 25 73 28 34 45 27 48 9 46 17 34 48 67 18 65 46 52 63 25 22 69 64 66 48 22 60 26 20 0 33 28 35 30 68 64 51 41 47 41 37 28 27 20 37 13 34 17 61 21 53 47 43 41 38 64
13 46 43 18 20 74 35 66 14 45 70 52 47 38 65 16 50 36 65 31 45 51 51 20 45 30 24 41 5 63 33 37 17 25 16 23 60 50 45 48 36 25 51 33 17 28 75 31 37 29 20 54 42 14 33 0 18 64 36 37 32 36 56 80 43 43 59 39 51 24 26 57 45 51 42 20 80 40 39 16 47
12 62 25 12 33 67 22 48 31 62 52 59 34 40 63 18 44 39 54 25 27 55 51 28 33 30 34 47 17 62 19 45 23 24 34 11 45 62 39 36 54 18 34 50 3 35 57 40 39 21 6 69 26 11 28 18 0 63 45 42 40 52 38 74 25 53 47 46 48 10 29 59 33 67 27 36 74 53 52 11 65
54 63 74 52 84 21 83 77 65 74 90 31 92 27 1 49 21 30 33 87 62 115 14 84 93 92 45 105 60 1 79 35 81 41 73 52 50 47 102 37 89 80 83 87 60 40 96 96 100 83 57 64 54 54 35 64 63 0 38 101 97 65 66 22 73 40 35 33 15 72 38 16 40 68 48 82 21 50 49 72 77
33 27 67 35 52 56 68 83 30 36 91 16 79 17 39 28 36 13 57 66 61 86 26 56 78 66 13 75 33 37 64 4 53 25 38 39 64 18 81 47 51 60 77 50 42 10 97 65 73 64 42 31 55 34 30 36 45 38 0 72 66 27 71 59 67 8 54 6 31 55 18 25 47 32 50 49 59 14 12 50 39
47 73 55 51 21 109 37 80 42 65 77 87 42 75 101 52 85 73 96 24 65 15 87 16 38 13 60 5 41 100 39 73 20 60 35 53 85 82 24 78 40 27 57 38 44 64 80 8 6 28 48 81 67 47 68 37 42 101 72 0 7 61 74 115 56 77 89 75 87 37 63 93 75 76 69 26 115 72 71 31 66
43 66 56 48 15 106 39 82 36 58 79 82 46 70 97 48 81 68 94 26 65 20 83 13 42 15 54 9 37 95 40 68 17 57 29 51 84 76 29 76 34 28 59 31 42 59 83 1 12 30 46 74 66 44 64 32 40 97 66 7 0 54 74 112 57 71 87 70 83 37 59 88 73 69 67 19 111 66 65 30 60
42 12 78 46 40 83 71 98 22 11 104 38 82 42 66 39 61 38 82 65 76 74 53 48 80 60 26 63 36 64 69 30 48 42 26 52 85 25 77 69 28 60 86 28 50 29 109 53 64 64 52 20 71 44 51 36 52 65 27 61 54 0 87 86 78 26 78 33 58 60 37 51 67 16 68 35 86 16 17 52 14
45 94 19 41 71 58 39 12 68 97 23 79 40 57 66 47 46 59 39 50 11 84 61 63 43 61 63 79 53 66 35 68 59 46 71 35 19 88 60 29 91 47 24 88 39 62 29 75 69 46 36 100 16 44 41 56 38 66 71 74 74 87 0 66 19 78 33 68 54 37 53 72 27 99 21 74 66 83 81 46 100
69 84 78 65 100 8 92 75 83 95 88 53 99 45 21 64 31 49 27 98 65 129 33 99 101 104 64 120 75 23 88 56 95 56 91 63 47 69 113 41 108 92 87 106 72 59 94 111 113 94 68 86 58 68 47 80 74 22 59 115 112 86 66 0 78 62 33 53 30 82 55 37 44 89 53 100 1 72 70 85 98
36 86 1 33 55 70 20 25 56 87 26 79 23 57 73 40 52 58 52 32 13 65 64 46 25 43 56 61 42 72 17 65 43 43 58 28 35 84 41 37 78 29 11 74 27 57 32 57 51 27 26 93 19 34 41 43 25 73 67 56 57 78 19 78 0 75 45 66 59 21 49 74 34 92 25 59 77 77 75 31 90
41 22 75 42 57 60 75 90 35 34 99 12 86 23 41 35 41 20 63 73 69 91 29 62 85 72 20 80 40 39 72 10 60 32 43 47 71 10 87 54 53 67 85 52 50 18 105 70 79 71 49 25 63 42 37 43 53 40 8 77 71 26 78 62 75 0 60 11 36 63 26 25 54 28 58 53 61 10 9 57 37
46 81 46 41 78 25 61 42 66 88 56 57 67 38 35 44 20 41 7 69 32 102 35 74 69 77 52 94 54 36 57 51 70 37 73 37 15 70 83 11 93 63 54 90 45 48 62 87 86 65 42 85 26 45 28 59 47 35 54 89 87 78 33 33 45 60 0 49 27 53 40 45 14 86 22 79 33 68 66 58 91
34 32 66 34 56 50 68 80 35 42 89 13 79 12 33 28 31 9 52 68 59 90 20 59 78 69 16 79 35 31 65 3 56 23 43 39 60 21 83 43 57 61 76 55 42 11 95 69 76 65 41 36 53 35 27 39 46 33 6 75 70 33 68 53 66 11 49 0 25 56 17 20 43 38 47 53 53 19 18 52 45
40 58 60 37 71 26 69 65 53 68 77 30 78 16 15 35 8 19 28 73 48 101 8 71 78 77 34 92 46 14 64 28 67 27 61 37 40 45 88 25 78 66 69 76 45 29 83 82 86 69 42 61 41 40 20 51 48 15 31 87 83 58 54 30 59 36 27 25 0 57 25 18 27 63 35 70 29 45 43 58 70
22 70 21 22 34 75 13 46 38 69 46 69 24 50 72 28 53 49 60 16 28 49 60 26 23 25 43 43 25 71 9 55 22 34 38 20 48 71 30 43 57 10 27 54 13 45 51 37 33 12 15 78 29 21 37 24 10 72 55 37 37 60 37 82 21 63 53 56 57 0 39 69 39 75 32 38 82 62 61 10 72
18 42 49 18 46 50 52 65 28 48 73 30 62 12 39 12 26 10 45 52 43 77 25 46 62 54 12 67 22 37 48 17 43 6 36 21 47 36 67 31 54 45 59 52 26 9 79 58 62 49 24 48 37 18 13 26 29 38 18 63 59 37 53 55 49 26 40 17 25 39 0 31 30 48 32 45 55 30 28 36 51
49 47 75 48 75 37 81 83 54 60 95 15 92 20 16 43 26 21 45 83 65 108 11 77 91 85 34 97 52 14 77 22 74 35 62 50 59 32 98 43 76 76 85 75 56 29 101 88 93 80 54 48 58 49 34 57 59 16 25 93 88 51 72 37 74 25 45 20 18 69 31 0 44 52 52 72 37 35 35 67 62
32 72 35 27 64 36 48 39 53 78 51 53 55 31 39 31 19 34 21 56 22 88 33 60 57 63 42 80 41 39 44 44 56 26 60 23 17 64 69 3 80 50 44 77 31 39 57 73 72 51 28 77 15 31 17 45 33 40 47 75 73 67 27 44 34 54 14 43 27 39 30 44 0 78 9 66 43 60 58 44 81
56 6 92 59 55 87 86 111 38 13 118 37 98 49 68 52 68 45 90 81 89 88 57 64 96 76 37 78 50 66 84 36 64 53 42 65 95 21 93 78 40 75 101 41 64 39 123 68 79 80 66 6 84 57 61 51 67 68 32 76 69 16 99 89 92 28 86 38 63 75 48 52 78 0 80 50 89 18 20 67 14
29 74 26 24 60 45 40 33 52 79 43 59 46 36 48 30 28 38 29 48 13 81 41 54 48 56 43 74 38 48 35 48 50 27 57 18 18 68 61 12 77 42 35 74 26 42 49 67 65 43 22 80 6 28 21 42 27 48 50 69 67 68 21 53 25 58 22 47 35 32 32 52 9 80 0 62 53 63 61 38 82
33 47 58 38 5 94 45 83 19 40 84 64 55 55 83 36 69 53 86 35 63 39 69 16 52 27 38 28 25 81 45 51 17 44 10 43 80 57 44 68 19 32 64 16 36 43 88 18 29 36 39 55 62 35 53 20 36 82 49 26 19 35 74 100 59 53 79 53 70 38 45 72 66 50 62 0 99 47 46 28 42
68 84 78 64 100 7 91 74 82 95 88 52 99 45 20 63 30 48 27 98 64 129 33 99 100 104 64 120 75 23 87 55 95 55 90 63 47 69 112 40 108 91 87 106 71 59 94 111 113 93 68 85 58 67 47 80 74 21 59 115 111 86 66 1 77 61 33 53 29 82 55 37 43 89 53 99 0 71 70 84 98
42 13 77 44 51 69 75 94 30 24 102 21 86 30 51 37 50 27 71 71 73 86 39 58 84 69 20 75 38 49 72 17 56 36 37 50 77 10 85 60 44 65 86 44 50 21 108 65 74 69 51 18 67 43 43 40 53 50 14 72 66 16 83 72 77 10 68 19 45 62 30 35 60 18 63 47 71 0 2 56 27
40 15 75 42 50 68 73 93 29 25 100 21 84 29 50 35 48 25 70 69 71 85 37 56 83 67 18 74 36 48 70 16 54 34 36 48 75 12 83 58 44 63 84 43 48 19 106 63 73 68 49 20 65 41 41 39 52 49 12 71 65 17 81 70 75 9 66 18 43 61 28 35 58 20 61 46 70 2 0 54 28
18 62 30 21 25 78 19 55 29 60 56 65 31 48 73 25 54 47 65 16 36 45 60 17 29 20 38 36 18 71 18 51 13 32 29 22 55 65 31 47 47 9 36 44 13 41 61 30 29 13 17 70 36 18 38 16 11 72 50 31 30 52 46 85 31 57 58 52 58 10 36 67 44 67 38 28 84 56 54 0 63
55 15 90 59 47 96 82 111 34 3 116 48 93 55 78 53 74 52 96 75 90 78 65 57 90 68 40 67 48 76 80 43 57 56 35 66 98 32 85 82 28 70 98 29 63 43 122 58 71 75 65 20 85 57 64 47 65 77 39 66 60 14 100 98 90 37 91 45 70 72 51 62 81 14 82 42 98 27 28 63 0
